responder: 49.282202, -123.099531

responder: 49.281299, -123.097505

responder: 49.280410, -123.100541

overdose: 49.281320, -123.099779